2 1000 2
6032.63 5585.62
6033.83 5585.80
6026.04 5580.84
6044.37 5573.30
6042.56 5569.66
6004.59 5585.89
5992.30 5578.10
6011.91 5574.18
6011.93 5578.14
6012.06 5577.32
6006.98 5567.46
6005.13 5585.74
6232.25 5569.62
6234.08 5566.25
6250.93 5568.52
6248.47 5565.15
6245.74 5563.41
6231.81 5572.09
6233.84 5578.66
6236.51 5564.11
6248.29 5580.21
6027.64 5565.97
6030.59 5575.59
6028.27 5566.60
6021.48 5563.33
6020.83 5583.31
6010.86 5573.69
6025.03 5564.23
6014.74 5565.39
6224.01 5580.87
6234.69 5564.57
6235.37 5577.60
6223.85 5580.80
6223.90 5580.82
6226.46 5581.43
6218.53 5575.98
6232.35 5580.20
6237.28 5569.61
5972.63 5560.13
5975.09 5566.62
5976.78 5568.16
5988.27 5551.79
5980.17 5569.74
5985.54 5569.62
5989.25 5552.55
5998.05 5560.81
5981.24 5553.36
5983.49 5569.58
5980.13 5566.79
5996.59 5555.48
5997.98 5561.82
5979.14 5565.22
5984.71 5569.94
5975.73 5561.66
5994.15 5554.81
5985.14 5549.99
5981.01 5568.87
5980.05 5568.30
5994.72 5555.89
5976.47 5564.09
6027.68 5567.11
6013.43 5560.54
6021.33 5568.02
6017.74 5549.78
6018.10 5566.82
6023.35 5548.19
6013.31 5559.98
6032.92 5560.31
6027.97 5549.43
6123.34 5567.14
6126.56 5549.73
6121.65 5565.44
6128.55 5569.23
6132.27 5549.67
6135.78 5551.48
6138.43 5554.74
6138.71 5563.21
6138.94 5562.62
6141.41 5548.36
6137.59 5563.70
6136.19 5561.29
6135.51 5556.45
6148.44 5547.97
6154.68 5561.36
6139.38 5549.57
6142.97 5547.82
6147.95 5567.19
6154.72 5566.38
6156.02 5566.92
6159.43 5567.45
6166.27 5564.55
6169.17 5556.37
6149.63 5560.23
6157.29 5547.64
6167.91 5562.42
6149.24 5557.90
6232.03 5566.95
6224.68 5557.72
6238.51 5566.53
6240.86 5565.16
6241.62 5564.49
6226.92 5563.62
6242.26 5563.82
6236.76 5547.52
6238.27 5554.98
6251.70 5563.54
6245.10 5573.78
6231.79 5565.47
6236.02 5556.15
6231.82 5563.00
6231.96 5562.25
6244.17 5554.66
6041.53 5551.75
6040.11 5563.81
6023.64 5560.55
6040.71 5550.57
6041.22 5562.45
6026.16 5549.49
6037.51 5565.74
6023.12 5554.90
6023.40 5553.83
6202.06 5566.54
6212.08 5550.70
6194.53 5553.91
6213.56 5553.44
6194.30 5554.84
6195.30 5561.46
6194.85 5552.99
6211.93 5563.00
6112.98 5566.08
6114.14 5565.70
6113.83 5547.01
6120.26 5558.25
6105.93 5547.48
6100.46 5555.69
6109.14 5546.49
6102.37 5550.49
6103.62 5563.73
6131.24 5545.59
6132.13 5565.52
6133.61 5565.22
6125.09 5547.47
6140.02 5559.76
6140.32 5552.14
6121.28 5558.21
6138.90 5549.54
6137.66 5548.19
6146.45 5558.26
6138.31 5563.64
6145.32 5547.36
6130.75 5546.35
6133.09 5562.61
6132.60 5562.36
6145.14 5547.15
6132.91 5562.52
6142.09 5544.76
6141.09 5563.53
6129.84 5554.74
6149.74 5554.55
6135.40 5544.63
6144.70 5544.91
6137.66 5543.85
6149.64 5551.97
6131.31 5558.93
6137.36 5563.32
6151.46 5545.47
6136.12 5550.50
6155.42 5555.62
6135.72 5552.26
6152.41 5546.24
6145.18 5543.60
6155.61 5552.90
6153.32 5559.98
6148.57 5544.03
6081.33 5567.62
6074.73 5555.48
6090.43 5566.06
6086.06 5548.24
6091.42 5565.20
6093.93 5555.14
6084.22 5568.10
6074.38 5557.79
6093.75 5554.61
6055.67 5546.84
6063.73 5561.81
6065.00 5561.81
6059.42 5560.54
6059.88 5560.78
6068.20 5542.61
6057.31 5558.95
6054.65 5549.31
6069.31 5560.50
6148.01 5543.38
6136.18 5540.72
6130.60 5552.05
6136.86 5559.18
6138.20 5540.04
6131.24 5545.70
6150.18 5551.64
6137.32 5559.34
6149.91 5546.87
6150.51 5555.28
6135.79 5542.07
6132.89 5553.54
6132.60 5552.72
6147.82 5558.03
6133.23 5554.27
6144.37 5540.03
6132.61 5546.82
6135.74 5557.45
6248.86 5558.28
6230.39 5554.07
6236.31 5543.90
6250.29 5552.10
6245.15 5561.82
6243.98 5543.74
6248.16 5559.28
6250.13 5555.09
6163.59 5540.42
6160.74 5539.92
6168.43 5543.87
6157.04 5540.52
6169.34 5545.32
6168.17 5543.55
6153.07 5543.18
6152.56 5556.06
6169.86 5546.52
6209.33 5542.47
6203.58 5561.56
6210.69 5543.14
6201.79 5542.54
6213.40 5545.46
6199.25 5559.46
6197.39 5546.12
6199.38 5543.97
6209.58 5560.96
6157.59 5537.46
6158.37 5555.55
6160.50 5554.06
6163.63 5545.18
6163.62 5545.12
6143.74 5546.67
6161.93 5540.95
6156.59 5556.27
6147.80 5538.65
6136.12 5542.65
6142.71 5536.45
6146.67 5555.98
6154.62 5541.91
6152.26 5553.44
6142.00 5536.69
6136.48 5541.77
6136.13 5549.48
6137.50 5540.07
6145.14 5540.17
6148.66 5537.27
6151.45 5556.09
6162.05 5541.77
6149.49 5555.56
6161.41 5540.66
6144.06 5541.95
6155.44 5536.51
6144.89 5540.53
6163.69 5553.07
6181.93 5546.07
6179.35 5554.39
6176.06 5556.72
6163.20 5552.24
6179.49 5554.23
6181.41 5544.08
6171.53 5557.55
6163.45 5552.68
6198.53 5553.74
6183.77 5546.43
6199.44 5553.17
6184.49 5548.97
6195.24 5554.88
6187.29 5537.30
6195.69 5554.79
6185.56 5550.85
6188.74 5536.30
6232.27 5549.78
6231.35 5541.43
6231.74 5548.77
6250.50 5542.05
6230.96 5543.00
6243.70 5535.03
6250.69 5542.93
6231.95 5549.21
6230.83 5544.42
6044.40 5534.98
6043.40 5552.93
6049.18 5546.31
6045.33 5551.85
6047.32 5549.96
6049.51 5543.38
6041.78 5533.97
6048.82 5540.04
6032.27 5536.82
6125.45 5552.17
6128.77 5553.55
6128.76 5534.01
6135.69 5535.00
6126.47 5552.74
6124.01 5551.03
6131.16 5553.78
6139.74 5548.46
6120.90 5543.65
6137.25 5550.63
6141.76 5536.72
6133.49 5551.56
6134.98 5531.76
6143.02 5541.37
6136.12 5551.08
6124.60 5546.96
6141.17 5535.77
6123.04 5542.21
6152.05 5541.69
6148.40 5533.84
6135.94 5533.65
6150.30 5535.92
6151.19 5545.64
6136.72 5550.03
6134.33 5547.93
6145.56 5532.21
6133.67 5547.03
6144.50 5553.32
6138.07 5546.62
6149.38 5553.70
6152.92 5552.35
6140.88 5536.51
6148.83 5553.77
6157.68 5543.68
6150.09 5534.14
6154.78 5550.88
6175.32 5543.73
6155.43 5542.10
6155.35 5544.32
6160.70 5552.47
6161.97 5553.02
6161.43 5552.81
6171.14 5535.47
6171.86 5551.17
6157.38 5549.68
6141.66 5546.61
6146.87 5532.98
6128.11 5539.48
6147.74 5539.01
6143.09 5545.89
6131.34 5544.92
6128.48 5533.94
6139.74 5547.17
6152.10 5544.30
6150.19 5545.85
6136.72 5531.60
6149.18 5528.35
6136.31 5542.54
6137.43 5544.05
6152.13 5544.27
6135.85 5541.68
6171.84 5542.17
6169.56 5530.12
6153.13 5535.69
6172.18 5533.79
6153.16 5535.53
6172.83 5539.09
6163.30 5527.62
6036.82 5547.35
6051.98 5536.31
6039.14 5548.49
6033.18 5543.00
6034.08 5544.65
6044.19 5548.85
6035.23 5546.04
6051.70 5535.47
6032.39 5538.13
6113.81 5542.02
6103.45 5527.44
6100.62 5546.32
6096.70 5531.72
6109.58 5546.20
6095.06 5536.08
6097.43 5530.77
6095.56 5540.67
6102.60 5547.03
6096.45 5540.70
6115.52 5539.28
6096.10 5534.51
6098.65 5544.09
6115.77 5537.34
6103.85 5546.88
6103.07 5527.44
6115.75 5537.62
6104.72 5544.01
6103.53 5543.13
6105.54 5526.63
6119.00 5531.10
6103.02 5528.44
6104.95 5526.95
6111.62 5545.43
6106.21 5526.31
6110.77 5542.89
6121.91 5526.45
6107.32 5535.99
6119.93 5525.67
6109.04 5540.96
6120.53 5544.78
6117.56 5540.55
6121.57 5544.34
6135.73 5538.45
6116.99 5539.42
6118.08 5541.34
6118.63 5528.92
6135.00 5540.18
6120.93 5526.96
6119.45 5542.86
6132.91 5555.75
6138.13 5542.12
6136.08 5539.30
6136.25 5539.46
6138.29 5550.50
6119.15 5545.79
6126.13 5536.95
6136.84 5540.13
6139.02 5544.98
6144.37 5531.23
6151.09 5526.53
6154.39 5526.46
6151.86 5526.42
6149.34 5545.69
6154.84 5546.18
6154.97 5526.57
6251.81 5539.68
6251.44 5537.25
6250.16 5534.47
6249.32 5533.38
6231.84 5539.41
6233.24 5545.13
6242.78 5530.04
6237.46 5530.99
6278.66 5530.46
6266.25 5526.34
6273.96 5544.79
6279.85 5533.50
6260.37 5533.16
6266.86 5526.11
6260.95 5539.69
6260.08 5535.94
6279.06 5539.96
6285.24 5544.24
6268.98 5553.93
6265.67 5544.25
6275.01 5536.32
6265.69 5544.17
6267.26 5552.03
6268.33 5553.32
6285.11 5543.67
6275.64 5536.31
6240.31 5548.35
6237.97 5539.59
6222.08 5540.91
6240.31 5548.37
6221.69 5541.60
6220.53 5546.30
6230.86 5556.26
6238.32 5552.54
6221.58 5541.81
6220.05 5543.87
6229.79 5544.13
6215.19 5534.43
6218.94 5543.11
6231.61 5542.90
6221.60 5544.62
6216.28 5530.66
6235.01 5533.61
6224.39 5525.30
6234.34 5525.50
6240.04 5526.12
6242.00 5527.22
6244.26 5541.19
6244.27 5529.49
6226.49 5532.76
6231.64 5526.40
6233.42 5544.95
6234.39 5525.49
6117.77 5530.50
6102.63 5526.75
6116.24 5541.27
6117.48 5539.48
6112.34 5544.01
6104.71 5525.53
6106.03 5525.05
6103.97 5539.47
6120.85 5537.44
6115.52 5542.51
6113.88 5543.01
6102.52 5529.45
6142.65 5538.25
6124.93 5529.57
6126.17 5537.96
6144.16 5529.82
6127.88 5539.93
6125.17 5536.00
6125.71 5527.69
6143.72 5528.54
6128.46 5540.40
6151.02 5524.60
6140.46 5527.05
6148.24 5543.99
6137.65 5534.52
6153.51 5525.91
6157.48 5535.80
6141.14 5541.61
6157.23 5536.84
6148.16 5524.02
6112.29 5538.34
6103.76 5545.63
6093.44 5531.80
6093.91 5540.55
6101.52 5545.63
6097.69 5544.37
6112.20 5538.65
6111.23 5540.82
6108.50 5543.80
6111.11 5539.78
6114.32 5535.45
6095.07 5530.57
6103.31 5541.74
6096.05 5527.37
6098.32 5524.42
6139.63 5537.52
6142.77 5522.67
6137.69 5529.89
6145.25 5521.71
6140.78 5538.78
6138.47 5527.30
6138.47 5535.58
6156.58 5535.78
6139.41 5525.66
6094.58 5526.22
6102.51 5520.14
6108.01 5539.13
6097.27 5537.61
6097.17 5522.58
6099.07 5521.58
6093.36 5529.75
6094.03 5526.94
6094.11 5534.52
6093.49 5528.82
6094.86 5525.29
6094.59 5535.50
6101.06 5540.37
6097.16 5525.02
6099.65 5524.41
6091.14 5537.04
6103.37 5524.69
6101.71 5544.31
6110.50 5536.68
6108.89 5540.18
6090.77 5534.58
6106.98 5526.51
6159.36 5521.58
6156.77 5521.01
6146.26 5533.43
6150.19 5522.81
6161.56 5539.26
6151.57 5539.96
6165.66 5533.41
6147.34 5525.92
6156.18 5520.98
6148.90 5538.74
6154.25 5520.17
6155.26 5520.24
6159.62 5521.87
6154.61 5540.15
6156.00 5520.36
6145.02 5534.46
6144.18 5531.75
6126.29 5534.36
6128.57 5528.49
6114.44 5537.09
6127.62 5532.27
6123.70 5536.58
6121.65 5537.51
6128.39 5526.07
6128.05 5524.77
6133.83 5538.96
6138.66 5527.83
6129.81 5540.19
6120.32 5535.28
6132.52 5539.57
6138.87 5531.46
6124.02 5538.93
6120.15 5534.98
6126.01 5520.67
6134.17 5525.60
6133.65 5531.89
6130.51 5520.01
6126.63 5537.72
6125.29 5518.00
6130.46 5519.97
6120.64 5518.71
6129.08 5520.12
6145.09 5530.19
6127.62 5534.23
6141.69 5520.15
6137.01 5537.76
6143.29 5521.80
6144.06 5532.83
6130.66 5536.72
6138.43 5537.42
6131.88 5520.13
6128.68 5535.42
6142.49 5521.14
6133.67 5538.68
6140.03 5519.75
6130.50 5537.14
6126.56 5527.24
6143.02 5536.55
6138.73 5519.34
6137.65 5527.34
6140.40 5522.05
6143.32 5538.17
6140.93 5521.55
6139.29 5523.37
6150.72 5538.56
6137.54 5530.02
6148.16 5519.11
6150.62 5522.90
6142.24 5537.87
6143.98 5537.66
6146.58 5536.73
6132.29 5525.26
6137.68 5536.92
6137.06 5536.60
6132.43 5524.79
6145.67 5537.15
6169.97 5529.46
6166.22 5536.46
6168.67 5533.62
6161.40 5518.73
6163.38 5519.22
6161.89 5538.45
6169.77 5530.74
6168.31 5523.06
6168.04 5534.58
6142.11 5533.71
6140.34 5516.27
6127.70 5530.35
6127.89 5520.28
6137.98 5535.36
6138.59 5535.24
6138.51 5515.70
6135.26 5515.55
6128.09 5519.96
6080.80 5502.83
6072.62 5507.43
6085.08 5521.97
6086.79 5504.66
6088.13 5505.79
6086.74 5521.04
6085.10 5521.96
6073.48 5506.28
6091.03 5512.96
6085.68 5517.68
6077.46 5499.91
6079.15 5499.67
6069.74 5509.06
6069.80 5510.89
6072.58 5502.64
6088.08 5515.14
6081.89 5519.41
6074.94 5500.87
6102.89 5524.54
6119.27 5527.34
6120.94 5524.98
6118.31 5528.22
6106.43 5512.16
6030.74 5480.83
6027.91 5462.49
6028.25 5481.88
6021.21 5463.26
6034.85 5468.33
6035.62 5472.90
6020.94 5463.41
6218.93 5287.67
6199.68 5282.45
6199.36 5287.98
6218.46 5289.31
6203.67 5294.16
5985.36 5442.71
5998.10 5455.39
6004.11 5442.25
5996.10 5436.02
5990.89 5436.74
5992.03 5455.54
5984.88 5447.02
5988.42 5453.62
5995.04 5435.94
6263.27 5448.44
6260.19 5428.90
6260.96 5428.69
6270.43 5431.56
6256.46 5431.04
6265.46 5428.70
6255.21 5432.40
6262.95 5428.44
6251.75 5448.11
6255.53 5429.31
6244.85 5446.15
6245.77 5429.54
6114.67 5440.71
6133.53 5436.18
6114.42 5440.21
6130.23 5428.66
6122.96 5446.06
6114.34 5440.03
6118.30 5427.56
6124.91 5426.18
6123.77 5446.08
6128.23 5431.62
6133.90 5422.37
6132.13 5423.45
6131.31 5438.60
6148.21 5431.94
6147.70 5434.60
6130.06 5425.61
6146.60 5436.86
6129.58 5422.16
6127.54 5428.87
6145.99 5433.56
6139.14 5418.37
6141.79 5437.28
6131.64 5436.33
6138.96 5438.14
6134.12 5418.84
6146.11 5433.36
6048.75 5409.79
6052.04 5417.94
6050.18 5411.39
6038.82 5407.77
6037.45 5408.36
6051.56 5420.34
6032.54 5414.16
6037.77 5408.20
6045.84 5407.97
6139.17 5392.01
6142.06 5388.80
6156.00 5402.77
6156.52 5401.96
6156.35 5402.25
6139.88 5402.93
6138.00 5398.45
6136.71 5403.62
6135.76 5407.69
6136.82 5403.38
6155.02 5404.09
6141.44 5416.89
6138.90 5400.59
6137.26 5413.15
6151.97 5415.71
6155.98 5399.75
6155.56 5400.56
6136.92 5395.75
6156.92 5395.78
6146.82 5385.53
6153.98 5402.62
6138.65 5401.15
6078.07 5403.48
6062.53 5394.32
6074.31 5405.01
6082.34 5393.43
6075.48 5385.64
6063.24 5391.39
6081.70 5391.28
6074.19 5405.03
6065.05 5388.50
6161.95 5367.51
6149.04 5364.67
6147.49 5361.49
6157.27 5348.76
6166.23 5354.65
6158.05 5348.80
6211.10 5338.04
6204.32 5334.72
6218.58 5320.73
6210.12 5337.92
6221.77 5328.54
6213.26 5337.95
6208.76 5318.53
6201.79 5327.57
6204.27 5321.46
6203.08 5322.41
6203.29 5322.06
6207.09 5318.51
6205.43 5335.07
6220.50 5332.23
6214.17 5317.63
6202.52 5323.56
6214.65 5317.76
6203.78 5321.34
6272.88 5296.46
6264.97 5298.89
6237.43 5251.28
6227.28 5264.35
6226.96 5259.43
6246.50 5258.89
6228.99 5267.52
6236.07 5271.23
6226.85 5260.15
6231.96 5270.01
6237.56 5271.23
6111.08 5251.79
6119.98 5267.79
6109.08 5258.62
6118.09 5247.88
6128.92 5256.20
6114.51 5248.92
6245.66 5265.63
6231.46 5264.19
6239.16 5247.94
6249.09 5259.81
6230.48 5253.17
6231.02 5252.29
6233.31 5265.97
6244.03 5249.14
6229.66 5260.70
5985.25 5427.53
5977.77 5417.59
5965.57 5424.75
5978.42 5417.79
5973.65 5437.14
5966.64 5432.35
5984.16 5431.82
5971.58 5417.97
5983.05 5421.01
6151.10 5418.12
6137.73 5431.60
6141.26 5432.61
6151.92 5420.40
6132.49 5425.11
6138.82 5413.23
6132.91 5426.41
6141.63 5432.63
6132.74 5425.94
6149.83 5414.31
6136.80 5428.66
6138.28 5429.29
6145.34 5429.04
6145.90 5428.79
6151.36 5418.28
6137.02 5410.87
6148.46 5426.99
6133.61 5410.02
6137.18 5392.80
6134.08 5410.39
6131.05 5398.03
6131.61 5397.04
6130.19 5404.00
6141.48 5392.48
6221.52 5259.77
6234.91 5271.30
6233.97 5271.62
6226.09 5253.44
6222.71 5256.82
6225.73 5270.31
6225.91 5270.43
6234.64 5271.40
6121.66 5511.70
6105.97 5510.39
6109.64 5496.07
6123.54 5501.00
6112.41 5495.09
6119.78 5513.28
6122.03 5498.52
6208.32 5271.97
6227.22 5277.11
6226.83 5279.32
6226.94 5278.94
6001.89 5570.43
5986.82 5574.71
5984.78 5560.44
6002.06 5563.19
5990.49 5556.83
5987.02 5574.85
5994.18 5556.71
5990.96 5556.74
5989.11 5575.94
6177.97 5488.33
6182.29 5475.93
6177.63 5488.52
6181.96 5475.20
6180.32 5486.47
6172.36 5489.63
6163.97 5483.92
6165.93 5486.71
6164.11 5484.22
5999.32 5494.68
6012.05 5506.54
5999.38 5494.66
6010.94 5509.28
5993.59 5499.35
5993.81 5509.48
6001.36 5514.17
6009.12 5496.89
6009.58 5511.10
6063.32 5509.57
6067.30 5503.18
6063.32 5509.58
6068.23 5502.58
6065.28 5505.13
6070.72 5501.58
6063.42 5509.07
6063.47 5513.73
6079.69 5518.86
6150.94 5399.60
6161.93 5389.44
6159.98 5383.71
6159.35 5382.94
6154.50 5399.31
6149.31 5380.00
6142.86 5393.85
6142.19 5391.92
6139.48 5395.96
6158.99 5392.59
6151.46 5385.87
6158.80 5399.28
6152.45 5405.22
6141.83 5389.23
6151.03 5405.55
6158.24 5400.49
6150.29 5336.55
6165.80 5347.85
6165.67 5331.91
6163.89 5349.01
6169.20 5343.04
6164.78 5348.55
6163.87 5330.84
6164.80 5331.33
6168.15 5334.57
6206.70 5422.35
6209.35 5426.70
6225.36 5415.31
6208.49 5425.76
6208.23 5425.43
6226.09 5421.42
6226.28 5419.34
6217.26 5409.54
6225.29 5415.16
5975.13 5412.20
5982.98 5423.99
5967.01 5429.88
5967.79 5430.43
5963.19 5422.41
5963.70 5425.18
5977.31 5412.90
5967.42 5430.19
6249.39 5261.08
6237.20 5273.57
6240.35 5273.90
6248.10 5269.48
6232.34 5270.57
6234.91 5255.18
6230.15 5261.28
6233.25 5271.47
6229.88 5265.19
6205.95 5280.34
5977.16 5256.55
5982.10 5243.11
5991.20 5260.89
5976.23 5251.25
5989.26 5261.75
5981.36 5243.48
5980.64 5243.92
5976.24 5253.31
5977.86 5246.69
5974.08 5553.41
5988.53 5543.69
5994.05 5552.36
5989.05 5543.97
5992.39 5558.15
5975.52 5557.85
5993.76 5555.01
5993.43 5549.15
5981.75 5562.36
6044.90 5376.44
6045.79 5356.67
6050.29 5358.82
6053.67 5364.47
6035.83 5360.56
6053.37 5369.64
6053.43 5369.47
6053.17 5362.80
6053.77 5367.94
5989.50 5431.61
5998.75 5423.16
5994.89 5413.64
5981.65 5428.55
5997.52 5426.65
5984.08 5412.85