2 100 1
6307.140 6345.940
6624.650 5900.860
6886.850 5761.990
7115.190 5860.800
7493.710 5881.120
5500.160 6858.610
9009.540 6022.320
8995.260 5729.060
8993.820 5814.400
9166.200 5666.090
9041.370 7225.440
5322.070 6716.710
4366.910 6345.450
4502.160 6089.590
5704.980 6786.540
5890.120 6478.040
6011.350 6738.740
6209.020 6765.440
6057.190 6520.960
7282.770 5233.480
6383.460 6079.500
4163.530 8924.960
6633.550 4339.090
8036.100 4205.530
8191.500 4463.890
6974.890 3582.890
7013.020 3594.300
6765.520 3231.430
7085.700 3746.950
7140.320 3744.030
7051.410 3655.980
7272.160 3734.680
7517.870 3745.970
7343.880 3466.890
7351.240 3462.010
7438.120 3495.480
7387.960 3050.190
7796.890 3658.190
7903.300 3555.060
7548.860 3331.630
7777.870 3040.570
7809.480 3237.340
8396.120 3466.090
8435.400 3384.880
8433.900 3358.060
7767.390 3019.020
7795.170 2882.240
7599.010 2721.720
7716.830 2537.300
7815.970 2925.760
8018.420 2727.930
8070.420 2695.810
7711.300 2386.450
8118.910 2797.190
9358.850 4808.520
8845.170 3394.090
8743.690 3161.060
8923.490 3395.700
6871.860 3633.780
9216.490 3349.360
8515.250 3038.490
8273.290 2913.330
8299.940 2860.930
8271.420 2773.150
8270.500 2724.400
8422.110 3010.050
8706.400 3267.690
8584.800 2738.030
9228.260 2735.870
8539.260 2613.460
8436.700 2228.400
9029.470 2571.540
8744.450 2248.180
8826.940 2282.500
8647.480 2071.070
8739.730 2068.850
8864.440 2452.220
9097.080 2311.170
9108.260 1884.720
9123.760 1834.400
9362.800 1966.450
9438.360 1645.940
9356.750 2154.250
1189.000 7385.210
2574.890 6819.250
1725.100 6252.940
3620.370 6359.690
3946.130 4164.190
6389.410 9350.830
5265.090 9072.470
5500.580 8917.880
5861.190 8590.600
5123.470 8657.410
5524.380 9477.910
6017.050 3697.330
6073.170 3287.490
5589.180 4146.530
6213.040 3825.070
6214.770 3703.880
6591.560 3494.840
